send result:歌小微 36
play start
play end
change to model group 0
DNN_OUT_WIDTH_16
[w4 1ffb5704 1 print mid out]
arcs 5152,states 2418,prunes 1072
faster,but more memory,apply to CI1103
send result:匹配空调 38
air_device_playid air__match
plt ir recevie timeout = 100 s
air_devirt
        playid ir_dreceive error,need retry
rev error, too short IR_RECEIVE_STATE_ERR
c,a_RECEIVE_STl eft_time = ATE_ERR
ef99950ms
t_time = 99950ms
check receive error
play end
play start
play end

3494 1598 444 382 470 356 444 380 442 384 442 384 440 384 470 1192 
444 382 442 384 470 354 442 384 442 382 442 382 442 384 468 356 
442 384 468 356 442 384 442 1220 442 384 442 1222 442 384 440 384 
440 384 442 382 442 382 442 384 442 384 440 386 440 384 442 384 
442 1220 442 1222 442 1222 440 386 442 384 468 356 442 384 440 1222 
442 384 442 384 440 1222 442 384 442 384 440 384 440 384 440 384 
442 384 440 384 440 384 440 386 440 1220 442 384 440 1222 442 384 
440 1222 464 362 440 1222 440 1222 440 1222 442 384 442 1220 440 1222 
442 1222 442 1220 442 1222 440 386 440 386 440 386 440 1222 442 384 
440 386 440 384 440 386 464 362 440 384 440 386 440 384 440 386 
440 386 440 386 440 386 438 386 438 1224 466 360 440 1222 440 1224 
440 386 440 386 440 384 440 386 438 386 440 386 438 386 4audio capture deal too slow!!!
3dio capture deal too slow!!!
386 
438 386 438 386 438 388 438 386 438 388 438 386 438 386 438 388 
438 386 438 386 440 1224 438 388 438 388 438 388 audio capture deal too slow!!!
4udio capture deal too slow!!!
388 438 388 
436 388 438 388 438 388 438 388 438 388 436 388 438 388 436 388 
436 388 436 388 436 390 436 388 436 390 audio capture deal too slow!!!
4udio capture deal too slow!!!
388 436 390 436 390 
436 390 436 1224 438 390 436 1226 438 390 434 1226 436 390 436 1226 
436 390 434 60000 left_time = 98190ms
check receive ok
IR_LEVEL_RECV_OK level_count = 276
level0: 440,382 level1: 440,1220 -3494,1598- 40 00 14 80 43 02 a8 ee 23 00 |68 00 00 02 00 00 55 -434,60000-   level_count = 276 byte num = 17 positive : 0 reverse :1 
 base_num is 276:
right_count is 1554
compare one count is 1554,index is 1130,inst0x0
found extaddr ir code! ir index = 1130
 base_num is 276:
right_count is 1663
found extaddr ir code! ir index = 1138
index changed 1130 !
find one in new ir data lib!
IR_AIR_KEY_MATCH_OK
 ir_id is 1130
device_common_sendmsg TYPE_DEVICEMSG_AIR_MATCH
DeviceTaskProcess TYPE_DEVICEMSG_AIR_MATCH
air_device_learnIr
play start
play end
send result:空调学习 33
air_device_playid stAirSta.air_mode == 1
device_common_sendmsg TYPE_DEVICEMSG_LEARN_IR
DeviceTaskProcess TYPE_DEVICEMSG_LEARN_IR
air_device_learnIr
set ir recevie timeout = 100 s
play start
receive error,need retry
rev error, too short IR_RECEIVE_STATE_ERR
left_time = 99950ms
check receive error
play end
play start
play end

3466 1628 444 382 444 382 442 384 468 356 446 380 442 382 444 1218 
442 384 442 384 468 356 442 382 440 382 444 382 442 382 442 384 
470 356 442 382 442 382 442 1222 444 382 442 1220 442 384 442 382 
442 382 442 384 440 384 468 358 442 382 468 358 466 358 442 384 
442 1220 442 1222 444 1220 442 384 442 384 440 384 442 382 440 1222 
468 358 468 1194 442 384 440 384 440 384 442 384 440 386 440 384 
440 384 442 384 442 384 440 384 442 1220 440 386 466 1198 442 386 
440 1220 442 386 442 1220 442 1222 440 1222 442 386 440 1222 442 1222 
442 1222 442 1222 442 1222 442 384 440 384 440 384 440 384 440 386 
440 386 440 384 440 386 440 384 440 386 440 386 440 386 438 386 
440 386 440 386 438 386 440 386 440 1222 440 386 438 1224 440 1222 
440 386 440 386 440 386 440 386 466 360 440 386 440 386 438 386 
438 386 440 386 438 388 438 386 438 386 438 386 440 386 438 386 
438 386 43audio capture deal too slow!!!
8io capture deal too slow!!!
386 438 1224 440 388 438 388 436 388 438 388 436 388 
436 388 438 388 436 390 436 388 436 388 436 388 434 390 436 388 
4audio capture deal too slow!!!
3dio capture deal too slow!!!
388 436 390 436 388 436 390 436 388 436 390 436 388 436 390 
436 390 434 390 436 1226 436 390 434 390 434 1228 436 390 4audio capture deal too slow!!!
3dio capture deal too slow!!!
1228 
436 390 434 60000 left_time = 98030ms
check receive ok
IR_LEVEL_RECV_OK level_count = 276
level0: 440,382 level1: 442,1220 -3466,1628- 40 00 14 80 43 01 a8 ee 03 00 |68 00 00 02 00 00 52 -434,60000-   level_count = 276 byte num = 17 positive : 0 reverse :1 
IR_KEY_LEARN_OK
device_common_sendmsg TYPE_DEVICEMSG_LEARN_KEY
DeviceTaskProcess TYPE_DEVICEMSG_LEARN_KEY
air_device_learnIr
device_common_sendmsg TYPE_DEVICEMSG_LEARN_IR
TYPE_DEVICEMocess play start
            SG_LEARN_IR
air_device_learnIr
set ir recevie timeout = 100 s
play end
play start
play end
play start
play end

3466 1626 444 382 442 382 468 356 470 356 470 356 442 382 442 1218 
444 382 444 382 472 354 444 382 468 356 442 382 442 384 442 382 
442 384 444 382 442 384 442 1218 444 382 442 1218 444 382 442 382 
442 384 442 384 442 384 442 384 468 358 442 384 442 384 442 384 
440 1220 442 1220 442 1222 442 384 468 356 468 356 468 356 442 1220 
442 384 442 384 442 1220 442 384 440 384 440 384 442 384 442 384 
442 384 440 384 440 384 440 384 440 1222 442 384 440 1220 442 384 
440 1220 442 384 440 1222 442 1222 442 1222 442 384 440 1222 442 1220 
442 1222 442 1222 442 1222 442 384 440 384 440 386 440 1222 442 384 
466 358 442 384 440 384 466 360 440 384 440 386 440 386 440 386 
440 386 440 386 440 386 440 386 440 1222 442 384 440 1222 440 1222 
442 386 438 386 440 384 440 386 440 386 440 384 440 384 440 386 
440 386 440 386 440 384 440 386 440 386 440 386 440 386 440 386 
440 386 438 386 438 1224 440 386 438 386 438 386 438 386 438 386 
438 386 440 386 438 386 audio capture deal too slow!!!
4udio capture deal too slow!!!
386 438 386 438 386 438 386 438 388 
438 386 438 388 440 386 438 388 438 388 438 388 438 388 438 388 
438 388 436 1224audio capture deal too slow!!!
  capture deal too slow!!!
438 388 436 1224 440 388 438 1224 438 388 436 1226 
438 388 436 60000 left_time = 96580ms
check receive ok
IR_LEVEL_RECV_OK level_count = 276
level0: 442,382 level1: 440,1220 -3466,1626- 40 00 14 80 43 02 a8 ee 23 00 |68 00 00 02 00 00 55 -436,60000-   level_count = 276 byte num = 17 positive : 0 reverse :1 
IR_KEY_LEARN_OK
device_common_sendmsg TYPE_DEVICEMSG_LEARN_KEY
DeviceTaskProcess TYPE_DEVICEMSG_LEARN_KEY
air_device_learnIr
play start
device_common_sendmsg TYPE_DEVICEMSG_LEARN_IR
DeviceTaskProcess TYPE_DEVICEMSG_LEARN_IR
air_device_learnIr
set ir recevie timeout = 100 s
play end
play start
play end
play start
play end

3466 1624 470 356 464 360 470 356 444 380 444 382 444 382 444 1218 
444 382 470 354 444 382 472 354 444 382 444 384 444 382 470 354 
444 380 442 384 442 382 442 1220 444 382 468 1192 444 384 442 382 
442 384 468 356 444 382 468 356 442 384 440 384 442 382 470 356 
442 1220 442 1220 444 1220 444 382 470 356 442 384 440 384 442 1220 
442 384 442 1220 442 384 442 384 442 384 442 384 470 356 442 384 
440 384 440 384 442 384 442 384 440 1220 442 384 440 1222 444 384 
442 1220 442 384 440 1222 442 1220 442 1220 444 384 442 1220 442 1222 
442 1222 442 1222 444 1220 444 384 440 384 440 384 440 384 440 386 
442 384 440 384 440 384 440 386 440 386 440 386 440 386 440 384 
440 384 440 384 440 386 440 384 440 1222 440 384 440 1222 442 1222 
442 384 440 384 440 384 440 384 440 386 440 386 440 386 440 386 
440 386 440 386 440 386 440 386 440 386 440 386 440 386 440 386 
440 386 438 386 440 1222 440 386 438 3audio capture deal too slow!!!
8dio capture deal too slow!!!
440 386 440 386 438 386 
440 386 466 360 440 386 438 386 438 386 438 386 438 386 438 388 
438 386 438 388 438 386 438 38audio capture deal too slow!!!
8io capture deal too slow!!!
438 388 438 388 438 388 438 388 
438 388 436 388 438 1224 438 388 438 388 438 1224 438 388 438 1224 
438 388 438 60000 left_time = 97490ms
check receive ok
IR_LEVEL_RECV_OK level_count = 276
level0: 442,380 level1: 442,1220 -3466,1624- 40 00 14 80 43 01 a8 ee 03 00 |68 00 00 02 00 00 52 -438,60000-   level_count = 276 byte num = 17 positive : 0 reverse :1 
IR_KEY_LEARN_OK
device_common_sendmsg TYPE_DEVICEMSG_LEARN_KEY
DeviceTaskProcess TYPE_DEVICEMSG_LEARN_KEY
air_device_learnIr
device_common_sendmsg TYPE_DEVICEMSG_LEARN_IR
DeviceTaskProcess TYplay start
PE_DEVICEMSG_LEARN_IR
air_device_learnIr
set ir recevie timeout = 100 s
play end
play start
play end
play start
play end

3466 1626 444 380 444 382 442 382 444 382 468 356 470 356 442 1218 
470 358 452 374 442 382 442 382 442 382 444 382 442 384 442 382 
470 356 444 382 444 382 442 1220 468 356 470 1192 444 382 442 384 
442 382 442 382 442 382 442 382 444 382 442 382 442 384 442 384 
444 1218 442 1220 444 1220 442 382 440 384 442 384 442 382 442 1220 
442 384 440 384 442 1220 442 384 442 384 440 384 442 384 440 384 
442 384 442 384 440 384 440 384 442 1220 444 384 440 1222 442 384 
442 1220 442 384 442 1220 442 1222 440 1222 442 384 440 1222 442 1220 
452 1212 442 1222 442 1222 442 384 440 384 440 384 442 1220 442 384 
440 384 440 386 440 386 440 384 440 384 440 384 440 384 440 386 
438 386 440 384 440 384 440 386 440 1222 442 386 440 1222 440 1222 
442 384 440 384 440 384 440 386 440 386 440 386 440 386 440 386 
440 386 440 386 438 386 440 386 440 386 440 386 440 384 440 386 
440 386 440 386 438 1222 442 386 438 386 438 386 440 386 438 386 
438 audio capture deal too slow!!!
388 440 386 440 386 440 386 438 386 438 386 440 386 438 386 
438 386 438 386 438 386 438 386 438 386 438 388 438 386 438 388 
438 388 438 1224 438 388audio capture deal too slow!!!
 o capture deal too slow!!!
436 1224 440 388 436 1224 438 388 436 1224 
438 388 436 60000 left_time = 97490ms
check receive ok
IR_LEVEL_RECV_OK level_count = 276
level0: 440,382 level1: 442,1218 -3466,1626- 40 00 14 80 43 02 a8 ee 23 00 |68 00 00 02 00 00 55 -436,60000-   level_count = 276 byte num = 17 positive : 0 reverse :1 
IR_KEY_LEARN_OK
device_common_sendmsg TYPE_DEVICEMSG_LEARN_KEY
DeviceTaskProcess TYPE_DEVICEMSG_LEARN_KEY
air_device_learnIr
device_common_sendmsg TYPE_DEVICEMSG_LEARN_IR
DeviceTaskProcess TYPEp_Dlay start
EVICEMSG_LEARN_IR
air_device_learnIr
set ir recevie timeout = 100 s
play end
play start
play end
play start
play end

3492 1600 444 380 444 382 444 382 444 380 444 382 444 382 442 1218 
444 382 444 382 444 382 442 382 444 382 444 382 444 382 442 382 
444 382 442 382 442 382 442 1218 472 354 444 1218 444 382 442 382 
442 382 470 354 444 382 442 382 444 382 442 382 442 382 442 382 
442 1220 444 1220 444 1220 444 382 442 384 442 382 442 382 444 1218 
444 384 440 1220 444 382 442 384 440 384 440 384 442 384 442 384 
468 356 442 384 442 384 442 384 442 1220 442 384 442 1220 442 384 
442 1220 444 384 442 1220 442 1220 442 1220 442 384 440 1220 444 1220 
442 1222 442 1222 442 1220 442 384 442 384 440 384 442 384 440 384 
440 384 440 384 440 384 440 384 442 384 440 384 442 384 440 384 
440 384 440 386 440 386 440 386 440 1222 442 386 440 1222 442 1222 
442 384 440 384 442 384 440 384 440 386 440 386 440 386 440 386 
440 386 440 386 440 384 440 386 440 384 440 384 440 386 440 386 
440 386 440 390 434 1220 440 386 440 386 438 386 440 386 440 386 
440 386 440 386audio capture deal too slow!!!
 o capture deal too slow!!!
440 386 440 386 438 386 440 386 438 386 438 386 
440 386 438 386 438 386 438 386 438 386 438 386 440 386 440 386 
438 386audio capture deal too slow!!!
 o capture deal too slow!!!
438 386 438 1222 440 386 438 388 438 1224 438 388 438 1224 
440 386 438 60000 left_time = 97570ms
check receive ok
IR_LEVEL_RECV_OK level_count = 276
level0: 440,382 level1: 440,1220 -3492,1600- 40 00 14 80 43 01 a8 ee 03 00 |68 00 00 02 00 00 52 -438,60000-   level_count = 276 byte num = 17 positive : 0 reverse :1 
IR_KEY_LEARN_OK
device_common_sendmsg TYPE_DEVICEMSG_LEARN_KEY
DeviceTaskProcess TYPE_DEVICEMSG_LEARN_KEY
air_device_learnIr
device_common_sendmsg TYPE_DEVICEMSG_LEARN_IR
E_DEVICEMSGrocess TYplaPy start
           _LEARN_IR
air_device_learnIr
set ir recevie timeout = 100 s
play end
play start
play end
play start
play end

3468 1626 446 382 444 380 444 380 470 354 444 382 444 380 470 1192 
446 380 468 356 444 382 470 354 444 382 442 382 444 382 444 382 
444 382 470 354 444 382 444 1218 444 382 444 1218 470 356 444 382 
444 382 444 382 470 356 470 356 444 382 442 382 444 382 470 356 
440 1220 444 1220 444 1218 444 382 442 382 468 358 442 382 444 1218 
470 356 444 382 442 1220 442 382 442 384 442 382 442 382 442 384 
442 382 442 382 442 382 440 384 442 1220 444 384 442 1220 442 382 
442 1220 442 384 442 1220 444 1220 442 1220 444 382 442 1220 442 1220 
442 1222 442 1220 442 1220 442 384 442 384 442 384 442 1220 442 384 
442 384 442 384 440 384 440 384 440 384 442 384 440 386 442 384 
440 386 440 384 442 384 440 384 440 1222 442 384 440 1222 442 1220 
442 384 442 382 442 384 440 384 442 384 440 384 442 384 440 386 
442 384 440 384 440 384 440 384 440 384 440 384 440 386 440 386 
440 384 440 384 440 1222 442 384 440 386 438 386 440 386 440 386 
440 386 audio capture deal too slow!!!
4udio capture deal too slow!!!
384 440 386 440 386 440 386 440 386 440 386 440 384 
440 386 440 386 440 386 440 386 440 386 438 386 440 386 440 386 
audio capture deal too slow!!!
4udio capture deal too slow!!!
386 440 1222 440 386 440 1222 440 386 438 1224 440 386 438 1224 
440 386 438 60000 left_time = 97620ms
check receive ok
IR_LEVEL_RECV_OK level_count = 276
level0: 444,380 level1: 442,1218 -3468,1626- 40 00 14 80 43 02 a8 ee 23 00 |68 00 00 02 00 00 55 -438,60000-   level_count = 276 byte num = 17 positive : 0 reverse :1 
IR_KEY_LEARN_OK
device_common_sendmsg TYPE_DEVICEMSG_LEARN_KEY
DeviceTaskProcess TYPE_DEVICEMSG_LEARN_KEY
air_device_learnIr
device_common_sendmsg TYPE_DEVICEMSG_LEARN_IR
DeviceTaskProcess TYplay start
PE_DEVICEMSG_LEARN_IR
air_device_learnIr
set ir recevie timeout = 100 s
play end
play start
play end
play start
play end

3468 1626 446 380 444 382 444 382 444 382 442 382 470 354 444 1218 
444 382 470 356 470 356 442 382 470 356 444 382 444 380 444 382 
470 356 470 354 444 382 442 1218 444 382 444 1218 444 382 442 382 
444 382 442 382 470 356 442 384 442 382 442 382 442 382 442 382 
468 1194 444 1220 442 1220 444 384 442 382 442 384 442 382 442 1220 
444 382 442 1220 442 384 442 384 442 382 442 382 442 384 442 382 
442 384 440 384 442 382 442 384 442 1220 442 384 442 1220 442 384 
440 1220 442 384 442 1220 442 1220 442 1222 442 384 440 1220 442 1220 
442 1220 442 1220 442 1220 442 384 442 384 442 384 442 384 442 384 
442 384 440 384 442 384 440 384 442 384 440 384 442 384 440 384 
440 386 440 384 440 384 442 384 440 1222 440 386 440 1222 442 1220 
442 384 440 386 440 384 440 384 440 386 440 384 442 384 440 386 
440 386 44audio capture deal too slow!!!
0io capture deal too slow!!!
384 440 384 442 384 440 384 440 384 440 386 440 384 
440 386 440 384 440 1222 442 384 440 386 440 386 440 386 440 386 
44audio capture deal too slow!!!
0io capture deal too slow!!!
386 440 386 440 386 440 386 440 384 440 386 440 386 440 386 
440 386 440 386 440 386 438 386 438 386 440 386 440 386 438 audio capture deal too slow!!!
aud 
438 386 438 386 438 1224 440 386 438 388 438 1224 440 386 440 1222 
440 386 438 60000 left_time = 97700ms
check receive ok
IR_LEVEL_RECV_OK level_count = 276
level0: 442,382 level1: 442,1218 -3468,1626- 40 00 14 80 43 01 a8 ee 03 00 |68 00 00 02 00 00 52 -438,60000-   level_count = 276 byte num = 17 positive : 0 reverse :1 
IR_KEY_LEARN_OK
device_common_sendmsg TYPE_DEVICEMSG_LEARN_KEY
DeviceTaskProcess TYPE_DEVICEMSG_LEARN_KEY
air_device_learnIr
play start
play end
play start
play end




send result:匹配风扇 36
device_common_sendmsg TYPE_DEVICEMSG_LEARN_IR
DeviceTaskProcess TYPE_DEVICEMSG_LEARN_IR
fan_device_learnIr
set ir recevie timeout = 100 s
play start
receive error,need retry
rev error, too short IR_RECEIVE_STATE_ERR
left_time = 99950ms
check receive error
play end
play start
play end

3466 1626 446 382 468 356 444 382 444 380 470 356 444 382 470 1192 
444 382 444 382 444 380 444 382 442 382 444 382 442 382 470 356 
444 382 442 382 444 382 444 1218 444 382 444 1218 444 382 444 382 
444 382 442 382 442 384 442 382 444 382 448 376 442 382 442 382 
442 1220 444 1220 444 1220 444 382 442 382 442 382 470 356 442 1220 
444 382 442 384 442 1220 444 384 442 382 442 384 442 384 466 358 
442 382 442 382 440 384 442 382 442 1220 444 382 444 1220 444 382 
442 1220 442 384 442 1220 444 1218 442 1220 442 384 442 1220 442 1220 
442 1220 444 1220 442 1220 442 384 442 382 442 384 442 1220 444 384 
440 384 442 384 440 384 442 384 442 384 442 384 440 384 442 384 
440 384 442 384 440 384 440 384 440 1222 442 386 440 1222 442 1220 
442 386 440 386 440 384 440 386 440 384 440 386 440 384 440 386 
442 384 440 384 440 384 440 384 440 384 440 386 440 384 440 384 
442 384 440 384 440 1222 442 386 440 384 440 384 440 386 audio capture deal too slow!!!
aud 384 
440 386 440 386 440 386 440 384 440 386 440 386 440 384 440 386 
438 386 440 386 440 386 440 386 440 386 440 386 440 386 440 386 
440 386 44audio capture deal too slow!!!
0io capture deal too slow!!!
1222 440 386 440 1222 440 386 440 1222 440 386 438 1222 
440 386 440 60000 left_time = 98240ms
check receive ok
IR_LEVEL_RECV_OK level_count = 276
level0: 442,382 level1: 442,1218 -3466,1626- 40 00 14 80 43 02 a8 ee 23 00 |68 00 00 02 00 00 55 -440,60000-   level_count = 276 byte num = 17 positive : 0 reverse :1 
IR_KEY_LEARN_OK
device_common_sendmsg TYPE_DEVICEMSG_LEARN_KEY
DeviceTaskProcess TYPE_DEVICEMSG_LEARN_KEY
fan_device_learnIr
play start
play start
DeviceTaskProcess TYPE_DEVICEMSG_LEARN_IR
fan_device_learnIr
set ir recevie timeout = 100 s
play end
play start
play end
play start
play end

3468 1626 446 380 444 382 442 382 442 382 444 382 442 382 444 1218 
446 382 444 380 444 382 442 382 470 354 444 382 442 382 442 384 
444 382 442 382 442 382 442 1218 444 382 442 1220 444 382 442 382 
444 382 444 382 442 382 442 382 442 382 442 382 442 384 442 384 
442 1220 444 1220 444 1220 444 382 442 382 442 382 442 382 442 1220 
470 358 442 1220 444 382 442 384 442 384 440 384 442 382 442 384 
442 382 442 382 442 384 440 384 442 1220 442 384 442 1220 444 382 
442 1222 444 384 442 1220 442 1220 442 1220 442 384 442 1220 442 1220 
444 1220 444 1220 442 1220 442 384 442 384 440 386 440 384 442 384 
440 384 442 384 442 384 440 384 442 384 440 386 440 384 440 384 
442 384 440 384 440 386 440 384 440 1222 440 384 440 1222 442 1222 
442 386 440 384 440 386 440 384 440 384 440 384 440 384 440 386 
440 384 440 384 440 384 440 386 440 386 440 386 440 384 440 384 
440 384 440 384 440 1222 440 386audio capture deal too slow!!!
 o capture deal too slow!!!
440 384 440 386 440 386 440 386 
440 384 440 384 440 386 440 386 440 386 440 386 440 386 440 386 
440 384 438 386 440 384 audio capture deal too slow!!!
440 386 440 386 440 386 440 386 440 386 
438 386 438 386 438 1224 440 386 440 386 438 1224 440 386 438 1224 
440 386 438 60000 left_time = 97770ms
check receive ok
IR_LEVEL_RECV_OK level_count = 276
level0: 440,382 level1: 440,1220 -3468,1626- 40 00 14 80 43 01 a8 ee 03 00 |68 00 00 02 00 00 52 -438,60000-   level_count = 276 byte num = 17 positive : 0 reverse :1 
IR_KEY_LEARN_OK
device_common_sendmsg TYPE_DEVICEMSG_LEARN_KEY
DeviceTaskProcess TYPE_DEVICEMSG_LEARN_KEY
fan_device_learnIr
device_common_sendmsg TYPE_DEVICEMSG_LEARN_IR
E_DEVICEMSG_ocess TYPplay start
            LEARN_IR
fan_device_learnIr
set ir recevie timeout = 100 s
play end
play start
play end
play start
play end

3468 1624 444 382 470 354 470 356 470 354 444 382 444 382 444 1218 
446 382 442 382 442 382 442 382 442 382 444 382 444 382 470 356 
444 382 468 356 444 382 444 1218 444 382 442 1220 444 382 442 382 
442 382 468 356 442 382 442 382 442 382 468 356 442 382 442 382 
442 1220 444 1220 468 1194 444 382 442 384 444 382 442 384 442 1220 
444 384 442 384 464 1198 444 382 442 384 442 382 442 384 442 382 
442 384 440 384 440 384 442 382 468 1194 444 382 442 1220 442 384 
440 1222 442 384 466 1196 442 1222 442 1220 442 384 440 1222 442 1220 
442 1220 442 1220 442 1222 442 384 442 384 440 384 442 1220 442 384 
440 384 442 384 440 386 440 384 442 384 442 384 442 384 440 384 
442 384 440 386 440 384 440 384 440 1222 442 384 440 1222 442 1222 
442 384 440 386 440 384 440 384 440 384 440 384 440 384 440 386 
440 384 440 386 440 386 440 386 440 386 440 386 440 384 440 384 
440 386 440 386 440 1222 442 386 440 386 438 386 440 386 440 386 
438 386 44audio capture deal too slow!!!
0io capture deal too slow!!!
386 440 386 440 384 440 386 440 386 440 386 438 386 
440 386 440 386 438 386 440 386 438 386 440 386 438 386 440 386 
43audio capture deal too slow!!!
8io capture deal too slow!!!
386 440 1222 440 386 438 1224 440 386 438 1224 440 386 438 1222 
440 386 438 60000 left_time = 97720ms
check receive ok
IR_LEVEL_RECV_OK level_count = 276
level0: 442,382 level1: 444,1216 -3468,1624- 40 00 14 80 43 02 a8 ee 23 00 |68 00 00 02 00 00 55 -438,60000-   level_count = 276 byte num = 17 positive : 0 reverse :1 
IR_KEY_LEARN_OK
device_common_sendmsg TYPE_DEVICEMSG_LEARN_KEY
DeviceTaskProcess TYPE_DEVICEMSG_LEARN_KEY
fan_device_learnIr
device_common_sendmsg TYPE_DEVICEMSG_LEARN_IR
DeviceTaskProcess TYPE_DEVIplay start
CEMSG_LEARN_IR
fan_device_learnIr
set ir recevie timeout = 100 s
play end
play start
play end
play start
play end

3466 1626 472 354 444 380 444 382 448 378 448 376 444 382 444 1218 
444 382 470 356 470 356 444 382 444 380 444 382 444 382 470 354 
458 366 444 382 442 382 442 1220 444 382 444 1218 444 382 444 382 
442 382 442 384 444 382 470 354 444 382 442 382 442 384 442 382 
442 1218 444 1220 444 1218 444 384 442 382 442 382 442 384 470 1192 
444 382 442 1220 444 384 442 384 442 382 442 382 442 384 442 384 
442 382 442 382 442 384 442 384 444 1218 444 382 442 1220 444 382 
442 1220 442 384 442 1220 444 1220 442 1220 470 356 442 1220 442 1220 
442 1222 442 1220 468 1194 442 384 442 384 440 384 468 358 440 384 
440 384 442 384 442 382 442 384 442 384 442 384 440 384 442 384 
440 384 440 384 440 384 440 384 442 1220 442 384 440 1222 442 1222 
442 384 440 384 440 384 440 386 440 384 440 386 440 386 440 384 
440 384 440 386 440 386 440 386 440 384 440 386 440 384 440 384 
4audio capture deal too slow!!!
4dio capture deal too slow!!!
384 440 384 440 1222 440 384 440 386 440 386 440 384 440 386 
440 386 440 386 438 386 440 386 440 386 440 386 440 386 44audio capture deal too slow!!!
0io capture deal too slow!!!
386 
440 386 438 386 440 386 440 386 440 386 440 386 440 386 438 386 
440 386 440 386 440 1222 440 386 438 386 438 1222 audio capture deal too slow!!!
4udio capture deal too slow!!!
386 438 1224 
440 386 438 60000 left_time = 97610ms
check receive ok
IR_LEVEL_RECV_OK level_count = 276
level0: 442,380 level1: 444,1218 -3466,1626- 40 00 14 80 43 01 a8 ee 03 00 |68 00 00 02 00 00 52 -438,60000-   level_count = 276 byte num = 17 positive : 0 reverse :1 
IR_KEY_LEARN_OK
device_common_sendmsg TYPE_DEVICEMSG_LEARN_KEY
DeviceTaskProcess TYPE_DEVICEMSG_LEARN_KEY
fan_device_learnIr
device_common_sendmsg TYPE_DEVICEMSG_LEARN_IR
YPE_DEVICEMSocess Tplay start
            G_LEARN_IR
fan_device_learnIr
set ir recevie timeout = 100 s
play end
play start
play end
play start
play end

116 53360 3470 1626 444 382 444 382 444 380 444 382 444 380 444 380 
444 1218 446 380 444 380 444 382 444 380 444 382 472 354 472 354 
444 380 444 382 470 354 446 382 442 1218 472 356 444 1216 446 382 
444 382 444 382 470 356 444 382 444 382 444 380 444 382 442 382 
444 382 444 1218 444 1220 442 1218 444 382 444 380 444 382 442 382 
444 1218 446 382 442 382 444 1218 444 382 442 382 444 382 442 382 
442 382 442 384 468 358 442 382 442 382 442 1220 444 382 442 1220 
442 384 442 1220 444 384 466 1196 444 1220 442 1220 444 384 440 1222 
442 1220 442 1220 444 1220 470 1194 442 384 442 384 440 384 442 1222 
442 384 442 384 440 384 440 384 442 384 440 384 440 384 440 384 
442 384 442 384 442 384 442 384 442 384 442 1220 442 384 442 1222 
442 1220 442 384 442 384 442 384 440 384 442 384 440 384 442 384 
440 3audio capture deal too slow!!!
8dio capture deal too slow!!!
440 384 440 384 440 384 440 384 440 384 440 384 440 384 
440 384 440 384 440 386 440 1222 442 386 440 384 440 384 440 38audio capture deal too slow!!!
4io capture deal too slow!!!

440 384 440 384 440 386 440 386 440 384 440 386 440 386 440 386 
440 386 440 384 440 386 440 386 440 386 440 386 440 38audio capture deal too slow!!!
6io capture deal too slow!!!
440 386 
440 386 438 386 440 1222 440 386 440 1222 440 386 440 1222 440 386 
440 1222 440 386 438 60000 left_time = 97840ms
check receive ok
IR_LEVEL_RECV_OK level_count = 278
level0: 442,380 level1: 444,1218 ir level too short 0 ir_level_length = 116!
device_common_sendmsg TYPE_DEVICEMSG_LEARN_KEY
RN_KEYeiveDeviceTaskPr_rocess TYPocess TYPE_DE_DEVICEMSGEVICEMSG_LEA_LEARN_KEY
fan_
    device_learnIr
play start
play end
play start
play end
play start
play end
set ir recevie timeout = 100 s

3470 1626 444 384 468 354 444 382 444 382 444 382 470 356 442 1218 
470 356 444 382 444 382 444 382 444 382 442 382 442 382 442 382 
442 382 444 382 442 384 442 1218 444 382 444 1218 446 382 442 382 
442 384 442 382 444 382 468 356 444 382 468 356 442 382 442 382 
442 1220 442 1220 444 1220 442 384 468 356 442 382 442 384 442 1220 
444 382 442 1220 444 382 442 384 440 384 468 358 442 382 468 358 
468 358 442 382 442 382 442 384 442 1220 442 384 442 1220 444 384 
440 1220 442 384 442 1220 442 1220 442 1222 442 384 440 1222 442 1220 
442 1222 442 1222 442 1220 442 384 466 358 442 384 440 384 442 384 
442 384 440 384 440 386 440 384 440 384 440 384 440 384 440 384 
440 384 440 384 440 384 442 384 442 1220 442 386 440 1220 442 1222 
440 386 440 384 440 386 440 384 440 386 440 384 440 386 440 384 
440 386 4audio capture deal too slow!!!
4dio capture deal too slow!!!
384 440 384 442 384 440 386 440 384 440 384 440 386 
440 386 440 384 440 1222 440 386 440 386 440 386 440 386 440 386 
audio capture deal too slow!!!
4udio capture deal too slow!!!
386 440 386 438 386 440 386 440 386 440 386 440 386 440 386 
440 390 434 386 438 386 438 386 438 386 440 386 440 386 43audio capture deal too slow!!!
8io capture deal too slow!!!
386 
438 386 440 386 438 1224 440 386 438 388 438 1224 440 386 438 1224 
440 386 438 60000 left_time = 99610ms
check receive ok
IR_LEVEL_RECV_OK level_count = 276
level0: 442,380 level1: 440,1220 -3470,1626- 40 00 14 80 43 01 a8 ee 03 00 |68 00 00 02 00 00 52 -438,60000-   level_count = 276 byte num = 17 positive : 0 reverse :1 
IR_KEY_LEARN_OK
device_common_sendmsg TYPE_DEVICEMSG_LEARN_KEY
DeviceTaskProcess TYPE_DEVICEMSG_LEARN_KEY
fan_device_learnIr
device_common_sendmsg TYPE_DEVICEMSG_LEARN_IR
YPE_DEVICEMSocess Tplay start
            G_LEARN_IR
fan_device_learnIr
set ir recevie timeout = 100 s
play end
play start
play end
play start
play end

3464 1626 444 382 444 382 444 382 470 354 444 382 446 378 442 1218 
444 382 444 382 470 356 468 356 442 382 442 382 442 382 444 382 
442 382 444 382 442 382 444 1218 470 356 444 1218 444 382 444 382 
442 384 442 382 442 382 442 384 470 356 470 356 444 380 468 356 
442 1220 444 1220 444 1220 444 382 442 384 442 384 442 384 442 1218 
444 382 442 382 468 1194 470 358 442 384 440 384 440 384 440 384 
442 384 440 384 442 384 442 384 468 1194 442 384 440 1222 442 384 
442 1220 444 386 436 1220 442 1220 442 1220 442 384 440 1222 468 1194 
442 1220 442 1222 442 1220 442 384 442 384 442 384 446 1214 442 384 
442 384 440 384 442 384 440 384 440 384 440 384 440 384 442 384 
440 386 440 384 440 384 440 386 440 1222 442 384 440 1222 440 1222 
442 384 440 384 440 386 440 384 440 384 440 384 440 386 440 386 
440 384 440 384 440 384 440 386 440 384 440 384 440 386 438 386 
440 386 424 386 440 1222 440 386 440 386 440 386 440 386 440 3audio capture deal too slow!!!
8dio capture deal too slow!!!

440 384 440 386 440 386 440 384 440 386 440 384 440 386 438 386 
438 386 440 386 438 386 438 386 438 388 438 386 438 3audio capture deal too slow!!!
8dio capture deal too slow!!!
438 386 
438 386 440 1222 440 386 438 1222 440 386 438 1224 440 386 438 1224 
440 386 438 60000 left_time = 97730ms
check receive ok
IR_LEVEL_RECV_OK level_count = 276
level0: 442,382 level1: 444,1216 -3464,1626- 40 00 14 80 43 02 a8 ee 23 00 |68 00 00 02 00 00 55 -438,60000-   level_count = 276 byte num = 17 positive : 0 reverse :1 
IR_KEY_LEARN_OK
device_common_sendmsg TYPE_DEVICEMSG_LEARN_KEY
DeviceTaskProcess TYPE_DEVICEMSG_LEARN_KEY
fan_device_learnIr
play start
play end
play start
play end
